Device Code 1001

Command On

CN

[0, 0]	1
[0, 1]	0
[0, 2]	32
[0, 3]	1
[0, 4]	224
[0, 5]	0
[0, 6]	0
[0, 7]	0
[1, 0]	2
[1, 1]	0
[1, 2]	32
[1, 3]	96
[1, 4]	96
[1, 5]	32
[1, 6]	28
[1, 7]	7
[2, 0]	3
[2, 1]	37
[2, 2]	101
[2, 3]	73
[2, 4]	224
[2, 5]	0
[2, 6]	0
[2, 7]	0
[3, 0]	4
[3, 1]	0
[3, 2]	0
[3, 3]	0
[3, 4]	0
[3, 5]	0
[3, 6]	0
[3, 7]	0

UK

[0, 0]	1
[0, 1]	0
[0, 2]	32
[0, 3]	3
[0, 4]	202
[0, 5]	0
[0, 6]	0
[0, 7]	0
[1, 0]	2
[1, 1]	0
[1, 2]	32
[1, 3]	96
[1, 4]	96
[1, 5]	32
[1, 6]	24
[1, 7]	18
[2, 0]	3
[2, 1]	60
[2, 2]	193
[2, 3]	21
[2, 4]	0
[2, 5]	0
[2, 6]	0
[2, 7]	0
[3, 0]	4
[3, 1]	0
[3, 2]	0
[3, 3]	0
[3, 4]	0
[3, 5]	0
[3, 6]	0
[3, 7]	0

EU

[0, 0]	1
[0, 1]	0
[0, 2]	26
[0, 3]	3
[0, 4]	92
[0, 5]	0
[0, 6]	0
[0, 7]	0
[1, 0]	2
[1, 1]	0
[1, 2]	26
[1, 3]	26
[1, 4]	26
[1, 5]	130
[1, 6]	57
[1, 7]	7
[2, 0]	3
[2, 1]	199
[2, 2]	143
[2, 3]	30
[2, 4]	116
[2, 5]	171
[2, 6]	146
[2, 7]	229
[3, 0]	4
[3, 1]	128
[3, 2]	0
[3, 3]	0
[3, 4]	0
[3, 5]	0
[3, 6]	0
[3, 7]	0

Command Off

CN

[0, 0]	1
[0, 1]	0
[0, 2]	32
[0, 3]	1
[0, 4]	224
[0, 5]	0
[0, 6]	0
[0, 7]	0
[1, 0]	2
[1, 1]	0
[1, 2]	32
[1, 3]	96
[1, 4]	96
[1, 5]	32
[1, 6]	28
[1, 7]	7
[2, 0]	3
[2, 1]	36
[2, 2]	224
[2, 3]	28
[2, 4]	96
[2, 5]	0
[2, 6]	0
[2, 7]	0
[3, 0]	4
[3, 1]	0
[3, 2]	0
[3, 3]	0
[3, 4]	0
[3, 5]	0
[3, 6]	0
[3, 7]	0

UK

[0, 0]	1
[0, 1]	0
[0, 2]	32
[0, 3]	3
[0, 4]	202
[0, 5]	0
[0, 6]	0
[0, 7]	0
[1, 0]	2
[1, 1]	0
[1, 2]	32
[1, 3]	96
[1, 4]	96
[1, 5]	32
[1, 6]	24
[1, 7]	18
[2, 0]	3
[2, 1]	60
[2, 2]	193
[2, 3]	20
[2, 4]	0
[2, 5]	0
[2, 6]	0
[2, 7]	0
[3, 0]	4
[3, 1]	0
[3, 2]	0
[3, 3]	0
[3, 4]	0
[3, 5]	0
[3, 6]	0
[3, 7]	0

EU

[0, 0]	1
[0, 1]	0
[0, 2]	26
[0, 3]	3
[0, 4]	92
[0, 5]	0
[0, 6]	0
[0, 7]	0
[1, 0]	2
[1, 1]	0
[1, 2]	26
[1, 3]	26
[1, 4]	26
[1, 5]	130
[1, 6]	57
[1, 7]	7
[2, 0]	3
[2, 1]	199
[2, 2]	143
[2, 3]	30
[2, 4]	116
[2, 5]	171
[2, 6]	145
[2, 7]	229
[3, 0]	4
[3, 1]	128
[3, 2]	0
[3, 3]	0
[3, 4]	0
[3, 5]	0
[3, 6]	0
[3, 7]	0

Command Dim 10%

CN

[0, 0]	1
[0, 1]	0
[0, 2]	32
[0, 3]	1
[0, 4]	224
[0, 5]	0
[0, 6]	0
[0, 7]	0
[1, 0]	2
[1, 1]	0
[1, 2]	32
[1, 3]	96
[1, 4]	96
[1, 5]	32
[1, 6]	28
[1, 7]	7
[2, 0]	3
[2, 1]	5
[2, 2]	101
[2, 3]	73
[2, 4]	224
[2, 5]	0
[2, 6]	0
[2, 7]	0
[3, 0]	4
[3, 1]	0
[3, 2]	0
[3, 3]	0
[3, 4]	0
[3, 5]	0
[3, 6]	0
[3, 7]	0
